1552724686
1696806321
1786751277
1833974921
1751303485
1867689309
1879259352
1812946209
1850356945
1914463322
1929583791
1957685463
1891680971
1897759360
1968961665
1991043494
1916700176
1983611379
2002248976
2002397925
1998524929
2014519010
1945272671
2001498228
2019927825
1941649725
1937376190
1959930060
2032584748
2039321173
2026360203
2024973149
2037260583
1968861365
2058458417
2048651044
2060941214
2053276303
2058727915
1972761156
2052541511
2089719486
2061312471
2070427095
2068521244
1987554358
2073057711
2075459270
2093136844
2068854445
1988411238
2086315453
2104017482
2097372489
2021264210
2108396967
2116408268
2102529806
2103089719
2090552942
2112110823
2111854927
2125479139
2107546031
2131755783
2114439532
2124814325
2106632313
2027504782
2126568204
2030257523
2114197294
2132502939
2124443890
2124343209
2141521043
2131395265
2139158973
2136509490
2033531378
2058686368
2162831879
2140472215
2049139781
2162451767
2147668075
2147846348
2161195120
2161046789
2145642723
2148915164
2163323748
2164392813
2052852154
2157690211
2146211739
2153379230
2156156084
2159619549
2156866872
2157657565
2073013837
2151956384
2164972993
2162162146
2155968927
2167097652
2161810267
2065653427
2152469006
2170876664
2071883257
2156391004
2156642911
2179781851
2180121844
2086352074
2168904942
2185180696
2188662241
2169245481
2180993802
2178060073
2160997284
2171043196
2183206341
2181833558
2192297392
2181689928
2180927922
2101960549
2187855331
2179052284
2176701538
2188696072
2182171175
2204262868
2189597060
2188064321
2200289737
2190314560
2197391807
2088454108
2104976962
2180543523
2188424921
2194662940
2198207394
2116199062
2207881784
2088530944
2105271933
2203217116
2208273768
2197760624
2194480088
2203229259
2195094225
2198462637
2094655688
2208720657
2203651942
2194625246
2197766779
2219126339
2197050412
2199676309
2199388583
2194185519
2197222370
2199326854
2209260724
2186190207
2213991358
2198884953
2123725939
2193454158
2196632490
2097644549
2100451912
2216404952
2205140612
2206324653
2200432925
2214599549
2210234949
2202940609
2204652404
2212445028
2217291553
2224926026
2206488998
2222627459
2219349303
2229291750
2218119016
2223179526
2227815248
2211276856
2215442990
2228187988
2221712758
2208083465
2112386581
2231148900
2235724246
2237351799
2123812631
2224461778
2221793901
2230093379
2241038194
2118109501
2213228396
2240179840
2232900832
2237339165
2234152720
2126104477
2253043492
2241314141
2235148805
2246972494
2233204413
2230471109
2129765328
2232904139
2235545641
2132149019
2239209800
2231726894
2250605332
2137252425
2258162253
2248856875
2135766415
2237683851
2252117858
2239618208
2247024784
2270540911
2255937162
2237719380
2137138288
2252022007
2136549938
2231227711
2246220640
2255809323
2262488954
2247813408
2244926801
2262360637
2249624678
2253520908
2269111134
2255326604
2260797037
2260108876
2263253712
2246730968
2252216318
2266434822
2245435793
2258281168
2260480053
2141279487
2254984311
2245361318
2272267037
2257572721
2247940388
2249600999
2274406236
2255347179
2268347740
2269524608
2254559722
2265633566
2264236865
2276670713
2252299973
2151048518
2259346495
2245814746
2183267658
2146481368
2269753490
2273650056
2269527724
2282745656
2246507196
2267823634
2269518785
2261804092
2258666948
2257515992
2158855694
2271343293
2274432847
2276224601
2283502317
2277349932
2160008832
2259278244
2157110715
2273155632
2261179406
2273763729
2299910612
2276742549
2277665583
2288589677
2300923894
2285464610
2283309953
2288758654
2287596906
2276809238
2293267826
2287505830
2292966849
2181206582
2284064070
2285733203
2190282416
2290483687
2294485189
2300590097
2290470167
2178132214
2194299855
2284296356
2291077544
2291373531
2175969068
2194749943
2201090793
2203134296
2300806506
2297085074
2311175814
2286875927
2302047539
2285187878
2193525662
2302166561
2295405131
2314965357
2295496295
2305581970
2287766080
2302932386
2182931776
2293133703
2303822430
2293207559
2285716356
2285653819
2295798401
2306165727
2315902523
2319736818
2300219504
2304777642
2299956721
2227042538
2309020191
2200795136
2304169956
2194727480
2303661625
2271136937
2314791170
2304994487
2318315299
2309781695
2323564431
2313918341
2321155724
2310662152
2332431409
2328889771
2316690342
2320299367
2314000107
2311141641
2311315073
2303216655
2324092417
2197607522
2236308900
2204088477
2332631003
2325688580
2203974483
2306370724
2297957416
2307335906
2323756995
2335116909
2324249145
2340600196
2214636652
2312429239
2317341492
2316295158
2330725616
2321444612
2309072322
2306061310
2323005477
2320420473
2303705793
2318381135
2227253419
2218649093
2320693410
2321785071
2327202349
2314120794
2314755567
2334727183
2205517060
2215014191
2310586142
2223978604
2235449766
2355402249
2234806654
2340285732
2208776187
2328714475
2333133047
2340003567
2336312714
2326842278
2207731075
2236924599
2222851521
2325598728
2334155213
2217260006
2216593369
2341158125
2226369115
2336962720
2217167455
2226574994
2345965874
2212395920
2357993514
2333951569
2344436830
2239430171
2220474133
2213668685
2341526079
2233689700
2250552257
2359243315
2347241199
2249035549
2228981618
2225031789
2232881810
2343241664
2348422334
2221545821
2219988618
2344917355
2341703199
2260024200
2351903630
2223514732
2356315702
2363507692
2245873121
2229471447
2256758557
2336015775
2231620556
2244030211
2349712623
2235827894
2243257999
2361911240
2236883248
2246663279
2246079645
2250576412
2210519836
2357771358
2356329915
2242030856
2246040915
2228293518
2366507342
2236456574
2360288812
2227024898
2214607467
2348948915
2257901438
2270503188
2363555533
2259626804
2265703322
2269897299
2264016630
2234069880
2233725731
2243070999
2257923505
2247720733
2248964070
2250036394
2378100327
2364301341
2255533920
2238786920
2223602616
2367320799
2269715974
2273307632
2252109979
2363846639
2373541164
2255173724
2224269446
2239309898
2247566367
2364998082
2262804096
2247873878
2240793717
2245156582
2251778588
2371826082
2253286998
2380531747
2367768062
2366588475
2396158271
2271614086
2269827249
2390435188
2384405634
2357903514
2249229822
2367735598
2400838611
2389829178
2269853832
2248760582
2237831811
2287328850
2274144448
2259675562
2385630937
2269029770
2283066093
2259016251
2248634392
2260717879
2257021896
2394052409
2255852383
2271671932
2255639853
2293800774
2261965091
2268888164
2385795319
2287051435
2283079586
2371535183
2273846873
2268225672
2400197843
2266070849
2390964305
2271519290
2260173185
2394081524
2285301600
2286787843
2260666578
2396969000
2389596067
2395787632
2310821822
2304147752
2267229971
2290252167
2298773834
2265502562
2268600361
2273570836
2303502607
2280510920
2266921007
2278173103
2398840200
2404055682
2281184147
2284475644
2285849086
2292377190
2281165970
2271862666
2281284448
2270478031
2425622145
2291148437
2271037924
2263325419
2404677738
2410680347
2276319317
2280255931
2322324634
2255121324
2306887792
2418263094
2292591937
2276787998
2269647800
2300489478
2284154092
2315497961
2315604096
2283936646
2313965174
2296689874
2290285040
2331733802
2405777711
2274048622
2423816803
2282058034
2300610412
2277512872
2320725273
2280255812
2337922712
2287828439
2275046518
2291044324
2308239177
2275495412
2425360784
2293890259
2284727459
2268563297
2299044382
2287397630
2286803483
2290392217
2275488726
2324571867
2320555113
2329095341
2334867625
2334472912
2268243782
2327392503
2319734210
2314932563
2290092156
2312919071
2289751374
2276375376
2413910779
2318389384
2280340211
2331304759
2326883764
2310734141
2303097391
2303260618
2287336861
2275950862
2312475696
2317620918
2298085421
2336100685
2296173857
2289969800
2295347779
2315830957
2318313954
2432865625
2306551489
2312129494
2437151177
2290561023
2292363387
2334668382
2316063187
2291678686
2285066204
2304133917
2293682673
2306505421
2333731438
2440367916
2301906578
2319131446
2296125199
2303508884
2306450779
2324167111
2346488512
2330239158
2297832674
2311566281
2343021904
2296578192
2303757424
2295604856
2310166607
2307605115
2305825997
2463277491
2291082174
2318386328
2343419233
2337096656
2304850174
2297540831
2311293944
2336754078
2303420738
2319477885
2306648338
2335946789
2329001169
2317136248
2330839136
2332978539
2339182701
2338515098
2307265466
2314050408
2302619859
2326248214
2307465495
2334463918
2324419592
2458179498
2359396050
2333270483
2346428512
2320983050
2345915765
2327373071
2320645860
2315886433
2308377650
2460947963
2313911497
2312258790
2319641840
2327188348
2325434916
2334642453
2322713824
2360250716
2375106923
2361373893
2354467158
2457030168
2359045573
2371381193
2319227936
2346424992
2326392126
2377047895
2331671596
2333051010
2337564483
2321096189
2351370484
2329765862
2315544830
2326583219
2485697874
2336682894
2345782457
2346635429
2351236123
2327240121
2320027181
2336621076
2309749577
2476177806
2341013817
2330380929
2370886630
2333079884
2339267283
2333126392
2326980340
2335245157
2485203507
2482181052
2356321003
2338925331
2352355484
2364188043
2365482581
2337599244
2338509959
2335366971
2336134381
2334709048
2478281112
2335616878
2382571160
2480052715
2384104551
2351025888
2373983358
2348348024
2368610562
2339592929
2357462885
2392545794
2332709722
2358791564
2348792769
2386722350
2346069075
2351698582
2367526400
2339085406
2410077951
2380404839
2346534105
2366586585
2344293409
2350899435
2397566147
2387267338
2433461752
2386567548
2365277997
2372968236
2346701437
2360017403
2366155837
2375764036
2370225341
2423979940
2389029452
2399059887
2387660930
2358225390
2396775648
2407814841
2406777587
2372182837
2376125462
2387124799
2405011917
2382948817
2384827107
2411471599
2413981881
2447213149
2403538581
2392649898
2392540516
2396554618
2385215268
2383437672
2402808309
2425469702
2394300204
2397177955
2396487994
2426002434
2427459437
2421100115
2448929654
2465099085
2426151673
2426714629
2430612051
2433422852
2427618766
2476581855
2489288441
2462324069
2468035689
2460574784
2471005358
2483501362
2492532021
232933576
231575756
218915872
231295152
242357050
243080787
249431486
248867938
239948311
35352219
