11117009
11117009
11116925
11116925
11116938
2779235
263479480
263638017
263638017
263638017
263638017
263638017
263638017
263638017
263638017
263638017
263638017
263424097
263638017
262981153
263996001
263070290
263412353
263412609
263373266
262872449
263684978
263433522
263305330
263965938
263597618
263808001
263653729
263257970
263962546
263018377
263940873
262943457
15402039
2779227
2779227
2779227
2779227
15402039
2779227
2779227
2779227
2779227
11116942
263092370
11116907
11116907
11116907
11116907
263885727
11117009
11117009
264130770
263479480
263414066
264199073
263412210
263412193
264071058
262877810
263310465
262952673
263553729
264071058
263422802
262927393
263423489
263117234
263428481
263118418
263308178
263599873
263639314
264123410
263638017
263638017
263638017
263638017
263638017
263638017
263638017
263638017
263940873
262943457
15402039
2779227
2779227
2779227
2779227
15402039
2779227
2779227
2779227
2779227
11116942
263092370
11116907
11116907
11116907
11116907
263885727
11117009
11117009
264068169
